{
  k: {
    t=1667220769000,
    T=1667220769999,
    s=BTCUSDT,
    i=1s,
    f=4817511,
    L=4817514,
    o=20720.58000000,
    c=20721.75000000,
    h=20721.75000000,
    l=20720.58000000,
    v=0.12550200,
    n=4,
    x=true,
    q=2600.52688269,
    V=0.12064500,
    Q=2499.88702563,
    B=0
  }
}
